Rohwer2001_Sucrose[Time]	Fru[ParticleNumber]	Glc[ParticleNumber]	HexP[ParticleNumber]	Suc6P[ParticleNumber]	Suc[ParticleNumber]	Sucvac[ParticleNumber]	glycolysis[ParticleNumber]	phos[ParticleNumber]	UDP[ParticleNumber]	ADP[ParticleNumber]	ATP[ParticleNumber]	Glcex[ParticleNumber]	Fruex[ParticleNumber]	cell[Volume]
0	6.02214e+020	6.02214e+020	6.02214e+020	6.02214e+020	6.02214e+020	0	0	3.07129e+021	1.20443e+020	1.20443e+020	6.02214e+020	3.01107e+021	3.01107e+021	1
0.01	6.03225e+020	6.03169e+020	6.03647e+020	5.99491e+020	6.04706e+020	0	0	3.07129e+021	1.20443e+020	1.20443e+020	6.02214e+020	3.01107e+021	3.01107e+021	1
0.02	6.04237e+020	6.04123e+020	6.05079e+020	5.96769e+020	6.07195e+020	0	0	3.07129e+021	1.20443e+020	1.20443e+020	6.02214e+020	3.01107e+021	3.01107e+021	1
0.03	6.05249e+020	6.05079e+020	6.06511e+020	5.94049e+020	6.09682e+020	0	0	3.07129e+021	1.20443e+020	1.20443e+020	6.02214e+020	3.01107e+021	3.01107e+021	1
0.04	6.06262e+020	6.06035e+020	6.07943e+020	5.9133e+020	6.12168e+020	0	0	3.07129e+021	1.20443e+020	1.20443e+020	6.02214e+020	3.01107e+021	3.01107e+021	1
0.05	6.07276e+020	6.06991e+020	6.09374e+020	5.88612e+020	6.14651e+020	0	0	3.07129e+021	1.20443e+020	1.20443e+020	6.02214e+020	3.01107e+021	3.01107e+021	1
0.06	6.0829e+020	6.07948e+020	6.10804e+020	5.85896e+020	6.17132e+020	0	0	3.07129e+021	1.20443e+020	1.20443e+020	6.02214e+020	3.01107e+021	3.01107e+021	1
0.07	6.09304e+020	6.08906e+020	6.12235e+020	5.8318e+020	6.19611e+020	0	0	3.07129e+021	1.20443e+020	1.20443e+020	6.02214e+020	3.01107e+021	3.01107e+021	1
0.08	6.10319e+020	6.09864e+020	6.13664e+020	5.80467e+020	6.22088e+020	0	0	3.07129e+021	1.20443e+020	1.20443e+020	6.02214e+020	3.01107e+021	3.01107e+021	1
0.09	6.11335e+020	6.10822e+020	6.15093e+020	5.77754e+020	6.24563e+020	0	0	3.07129e+021	1.20443e+020	1.20443e+020	6.02214e+020	3.01107e+021	3.01107e+021	1
0.1	6.12351e+020	6.11781e+020	6.16522e+020	5.75043e+020	6.27036e+020	0	0	3.07129e+021	1.20443e+020	1.20443e+020	6.02214e+020	3.01107e+021	3.01107e+021	1
0.11	6.13367e+020	6.12741e+020	6.1795e+020	5.72333e+020	6.29506e+020	0	0	3.07129e+021	1.20443e+020	1.20443e+020	6.02214e+020	3.01107e+021	3.01107e+021	1
0.12	6.14384e+020	6.137e+020	6.19378e+020	5.69625e+020	6.31975e+020	0	0	3.07129e+021	1.20443e+020	1.20443e+020	6.02214e+020	3.01107e+021	3.01107e+021	1
0.13	6.15402e+020	6.14661e+020	6.20805e+020	5.66918e+020	6.34441e+020	0	0	3.07129e+021	1.20443e+020	1.20443e+020	6.02214e+020	3.01107e+021	3.01107e+021	1
0.14	6.1642e+020	6.15622e+020	6.22232e+020	5.64212e+020	6.36906e+020	0	0	3.07129e+021	1.20443e+020	1.20443e+020	6.02214e+020	3.01107e+021	3.01107e+021	1
0.15	6.17439e+020	6.16584e+020	6.23658e+020	5.61508e+020	6.39368e+020	0	0	3.07129e+021	1.20443e+020	1.20443e+020	6.02214e+020	3.01107e+021	3.01107e+021	1
0.16	6.18458e+020	6.17545e+020	6.25084e+020	5.58805e+020	6.41828e+020	0	0	3.07129e+021	1.20443e+020	1.20443e+020	6.02214e+020	3.01107e+021	3.01107e+021	1
0.17	6.19478e+020	6.18508e+020	6.26509e+020	5.56104e+020	6.44285e+020	0	0	3.07129e+021	1.20443e+020	1.20443e+020	6.02214e+020	3.01107e+021	3.01107e+021	1
0.18	6.20499e+020	6.19471e+020	6.27934e+020	5.53404e+020	6.46741e+020	0	0	3.07129e+021	1.20443e+020	1.20443e+020	6.02214e+020	3.01107e+021	3.01107e+021	1
0.19	6.21519e+020	6.20434e+020	6.29358e+020	5.50706e+020	6.49194e+020	0	0	3.07129e+021	1.20443e+020	1.20443e+020	6.02214e+020	3.01107e+021	3.01107e+021	1
0.2	6.22541e+020	6.21398e+020	6.30782e+020	5.48008e+020	6.51646e+020	0	0	3.07129e+021	1.20443e+020	1.20443e+020	6.02214e+020	3.01107e+021	3.01107e+021	1
0.21	6.23563e+020	6.22363e+020	6.32206e+020	5.45313e+020	6.54095e+020	0	0	3.07129e+021	1.20443e+020	1.20443e+020	6.02214e+020	3.01107e+021	3.01107e+021	1
0.22	6.24585e+020	6.23328e+020	6.33629e+020	5.42619e+020	6.56542e+020	0	0	3.07129e+021	1.20443e+020	1.20443e+020	6.02214e+020	3.01107e+021	3.01107e+021	1
0.23	6.25608e+020	6.24293e+020	6.35051e+020	5.39926e+020	6.58986e+020	0	0	3.07129e+021	1.20443e+020	1.20443e+020	6.02214e+020	3.01107e+021	3.01107e+021	1
0.24	6.26632e+020	6.25259e+020	6.36473e+020	5.37235e+020	6.61429e+020	0	0	3.07129e+021	1.20443e+020	1.20443e+020	6.02214e+020	3.01107e+021	3.01107e+021	1
0.25	6.27656e+020	6.26226e+020	6.37894e+020	5.34545e+020	6.63869e+020	0	0	3.07129e+021	1.20443e+020	1.20443e+020	6.02214e+020	3.01107e+021	3.01107e+021	1
0.26	6.2868e+020	6.27193e+020	6.39315e+020	5.31857e+020	6.66307e+020	0	0	3.07129e+021	1.20443e+020	1.20443e+020	6.02214e+020	3.01107e+021	3.01107e+021	1
0.27	6.29705e+020	6.2816e+020	6.40736e+020	5.29171e+020	6.68743e+020	0	0	3.07129e+021	1.20443e+020	1.20443e+020	6.02214e+020	3.01107e+021	3.01107e+021	1
0.28	6.30731e+020	6.29128e+020	6.42156e+020	5.26486e+020	6.71176e+020	0	0	3.07129e+021	1.20443e+020	1.20443e+020	6.02214e+020	3.01107e+021	3.01107e+021	1
0.29	6.31757e+020	6.30096e+020	6.43576e+020	5.23802e+020	6.73608e+020	0	0	3.07129e+021	1.20443e+020	1.20443e+020	6.02214e+020	3.01107e+021	3.01107e+021	1
0.3	6.32783e+020	6.31065e+020	6.44995e+020	5.21121e+020	6.76037e+020	0	0	3.07129e+021	1.20443e+020	1.20443e+020	6.02214e+020	3.01107e+021	3.01107e+021	1
0.31	6.3381e+020	6.32034e+020	6.46413e+020	5.1844e+020	6.78463e+020	0	0	3.07129e+021	1.20443e+020	1.20443e+020	6.02214e+020	3.01107e+021	3.01107e+021	1
0.32	6.34838e+020	6.33004e+020	6.47831e+020	5.15762e+020	6.80887e+020	0	0	3.07129e+021	1.20443e+020	1.20443e+020	6.02214e+020	3.01107e+021	3.01107e+021	1
0.33	6.35866e+020	6.33974e+020	6.49249e+020	5.13085e+020	6.83309e+020	0	0	3.07129e+021	1.20443e+020	1.20443e+020	6.02214e+020	3.01107e+021	3.01107e+021	1
0.34	6.36895e+020	6.34945e+020	6.50666e+020	5.10409e+020	6.85729e+020	0	0	3.07129e+021	1.20443e+020	1.20443e+020	6.02214e+020	3.01107e+021	3.01107e+021	1
0.35	6.37924e+020	6.35916e+020	6.52083e+020	5.07736e+020	6.88146e+020	0	0	3.07129e+021	1.20443e+020	1.20443e+020	6.02214e+020	3.01107e+021	3.01107e+021	1
0.36	6.38953e+020	6.36888e+020	6.53499e+020	5.05064e+020	6.90561e+020	0	0	3.07129e+021	1.20443e+020	1.20443e+020	6.02214e+020	3.01107e+021	3.01107e+021	1
0.37	6.39984e+020	6.3786e+020	6.54915e+020	5.02393e+020	6.92974e+020	0	0	3.07129e+021	1.20443e+020	1.20443e+020	6.02214e+020	3.01107e+021	3.01107e+021	1
0.38	6.41014e+020	6.38833e+020	6.5633e+020	4.99724e+020	6.95384e+020	0	0	3.07129e+021	1.20443e+020	1.20443e+020	6.02214e+020	3.01107e+021	3.01107e+021	1
0.39	6.42045e+020	6.39806e+020	6.57745e+020	4.97057e+020	6.97792e+020	0	0	3.07129e+021	1.20443e+020	1.20443e+020	6.02214e+020	3.01107e+021	3.01107e+021	1
0.4	6.43077e+020	6.4078e+020	6.59159e+020	4.94392e+020	7.00197e+020	0	0	3.07129e+021	1.20443e+020	1.20443e+020	6.02214e+020	3.01107e+021	3.01107e+021	1
0.41	6.44109e+020	6.41754e+020	6.60572e+020	4.91729e+020	7.026e+020	0	0	3.07129e+021	1.20443e+020	1.20443e+020	6.02214e+020	3.01107e+021	3.01107e+021	1
0.42	6.45142e+020	6.42728e+020	6.61986e+020	4.89067e+020	7.05001e+020	0	0	3.07129e+021	1.20443e+020	1.20443e+020	6.02214e+020	3.01107e+021	3.01107e+021	1
0.43	6.46175e+020	6.43703e+020	6.63398e+020	4.86407e+020	7.07399e+020	0	0	3.07129e+021	1.20443e+020	1.20443e+020	6.02214e+020	3.01107e+021	3.01107e+021	1
0.44	6.47208e+020	6.44678e+020	6.64811e+020	4.83748e+020	7.09795e+020	0	0	3.07129e+021	1.20443e+020	1.20443e+020	6.02214e+020	3.01107e+021	3.01107e+021	1
0.45	6.48242e+020	6.45654e+020	6.66223e+020	4.81092e+020	7.12188e+020	0	0	3.07129e+021	1.20443e+020	1.20443e+020	6.02214e+020	3.01107e+021	3.01107e+021	1
0.46	6.49277e+020	6.46631e+020	6.67634e+020	4.78437e+020	7.14579e+020	0	0	3.07129e+021	1.20443e+020	1.20443e+020	6.02214e+020	3.01107e+021	3.01107e+021	1
0.47	6.50312e+020	6.47607e+020	6.69045e+020	4.75784e+020	7.16967e+020	0	0	3.07129e+021	1.20443e+020	1.20443e+020	6.02214e+020	3.01107e+021	3.01107e+021	1
0.48	6.51348e+020	6.48585e+020	6.70455e+020	4.73133e+020	7.19353e+020	0	0	3.07129e+021	1.20443e+020	1.20443e+020	6.02214e+020	3.01107e+021	3.01107e+021	1
0.49	6.52384e+020	6.49562e+020	6.71865e+020	4.70484e+020	7.21736e+020	0	0	3.07129e+021	1.20443e+020	1.20443e+020	6.02214e+020	3.01107e+021	3.01107e+021	1
0.5	6.5342e+020	6.5054e+020	6.73274e+020	4.67836e+020	7.24117e+020	0	0	3.07129e+021	1.20443e+020	1.20443e+020	6.02214e+020	3.01107e+021	3.01107e+021	1
0.51	6.54457e+020	6.51519e+020	6.74683e+020	4.65191e+020	7.26495e+020	0	0	3.07129e+021	1.20443e+020	1.20443e+020	6.02214e+020	3.01107e+021	3.01107e+021	1
0.52	6.55495e+020	6.52498e+020	6.76091e+020	4.62547e+020	7.28871e+020	0	0	3.07129e+021	1.20443e+020	1.20443e+020	6.02214e+020	3.01107e+021	3.01107e+021	1
0.53	6.56533e+020	6.53478e+020	6.77499e+020	4.59905e+020	7.31244e+020	0	0	3.07129e+021	1.20443e+020	1.20443e+020	6.02214e+020	3.01107e+021	3.01107e+021	1
0.54	6.57571e+020	6.54458e+020	6.78906e+020	4.57265e+020	7.33614e+020	0	0	3.07129e+021	1.20443e+020	1.20443e+020	6.02214e+020	3.01107e+021	3.01107e+021	1
0.55	6.5861e+020	6.55438e+020	6.80313e+020	4.54628e+020	7.35982e+020	0	0	3.07129e+021	1.20443e+020	1.20443e+020	6.02214e+020	3.01107e+021	3.01107e+021	1
0.56	6.59649e+020	6.56419e+020	6.81719e+020	4.51992e+020	7.38348e+020	0	0	3.07129e+021	1.20443e+020	1.20443e+020	6.02214e+020	3.01107e+021	3.01107e+021	1
0.57	6.60689e+020	6.574e+020	6.83125e+020	4.49358e+020	7.4071e+020	0	0	3.07129e+021	1.20443e+020	1.20443e+020	6.02214e+020	3.01107e+021	3.01107e+021	1
0.58	6.61729e+020	6.58382e+020	6.84531e+020	4.46726e+020	7.4307e+020	0	0	3.07129e+021	1.20443e+020	1.20443e+020	6.02214e+020	3.01107e+021	3.01107e+021	1
0.59	6.6277e+020	6.59364e+020	6.85935e+020	4.44096e+020	7.45428e+020	0	0	3.07129e+021	1.20443e+020	1.20443e+020	6.02214e+020	3.01107e+021	3.01107e+021	1
0.6	6.63812e+020	6.60347e+020	6.8734e+020	4.41468e+020	7.47782e+020	0	0	3.07129e+021	1.20443e+020	1.20443e+020	6.02214e+020	3.01107e+021	3.01107e+021	1
0.61	6.64853e+020	6.6133e+020	6.88744e+020	4.38842e+020	7.50134e+020	0	0	3.07129e+021	1.20443e+020	1.20443e+020	6.02214e+020	3.01107e+021	3.01107e+021	1
0.62	6.65896e+020	6.62313e+020	6.90147e+020	4.36218e+020	7.52483e+020	0	0	3.07129e+021	1.20443e+020	1.20443e+020	6.02214e+020	3.01107e+021	3.01107e+021	1
0.63	6.66938e+020	6.63297e+020	6.9155e+020	4.33597e+020	7.5483e+020	0	0	3.07129e+021	1.20443e+020	1.20443e+020	6.02214e+020	3.01107e+021	3.01107e+021	1
0.64	6.67981e+020	6.64281e+020	6.92952e+020	4.30977e+020	7.57174e+020	0	0	3.07129e+021	1.20443e+020	1.20443e+020	6.02214e+020	3.01107e+021	3.01107e+021	1
0.65	6.69025e+020	6.65266e+020	6.94354e+020	4.28359e+020	7.59515e+020	0	0	3.07129e+021	1.20443e+020	1.20443e+020	6.02214e+020	3.01107e+021	3.01107e+021	1
0.66	6.70069e+020	6.66251e+020	6.95755e+020	4.25744e+020	7.61853e+020	0	0	3.07129e+021	1.20443e+020	1.20443e+020	6.02214e+020	3.01107e+021	3.01107e+021	1
0.67	6.71114e+020	6.67237e+020	6.97156e+020	4.23131e+020	7.64189e+020	0	0	3.07129e+021	1.20443e+020	1.20443e+020	6.02214e+020	3.01107e+021	3.01107e+021	1
0.68	6.72159e+020	6.68223e+020	6.98556e+020	4.2052e+020	7.66521e+020	0	0	3.07129e+021	1.20443e+020	1.20443e+020	6.02214e+020	3.01107e+021	3.01107e+021	1
0.69	6.73204e+020	6.69209e+020	6.99956e+020	4.17911e+020	7.68851e+020	0	0	3.07129e+021	1.20443e+020	1.20443e+020	6.02214e+020	3.01107e+021	3.01107e+021	1
0.7	6.7425e+020	6.70196e+020	7.01355e+020	4.15305e+020	7.71178e+020	0	0	3.07129e+021	1.20443e+020	1.20443e+020	6.02214e+020	3.01107e+021	3.01107e+021	1
0.71	6.75296e+020	6.71184e+020	7.02754e+020	4.127e+020	7.73502e+020	0	0	3.07129e+021	1.20443e+020	1.20443e+020	6.02214e+020	3.01107e+021	3.01107e+021	1
0.72	6.76343e+020	6.72171e+020	7.04152e+020	4.10098e+020	7.75823e+020	0	0	3.07129e+021	1.20443e+020	1.20443e+020	6.02214e+020	3.01107e+021	3.01107e+021	1
0.73	6.7739e+020	6.7316e+020	7.0555e+020	4.07498e+020	7.78142e+020	0	0	3.07129e+021	1.20443e+020	1.20443e+020	6.02214e+020	3.01107e+021	3.01107e+021	1
0.74	6.78438e+020	6.74148e+020	7.06947e+020	4.04901e+020	7.80457e+020	0	0	3.07129e+021	1.20443e+020	1.20443e+020	6.02214e+020	3.01107e+021	3.01107e+021	1
0.75	6.79486e+020	6.75137e+020	7.08344e+020	4.02306e+020	7.8277e+020	0	0	3.07129e+021	1.20443e+020	1.20443e+020	6.02214e+020	3.01107e+021	3.01107e+021	1
0.76	6.80535e+020	6.76127e+020	7.0974e+020	3.99713e+020	7.85079e+020	0	0	3.07129e+021	1.20443e+020	1.20443e+020	6.02214e+020	3.01107e+021	3.01107e+021	1
0.77	6.81584e+020	6.77116e+020	7.11136e+020	3.97123e+020	7.87386e+020	0	0	3.07129e+021	1.20443e+020	1.20443e+020	6.02214e+020	3.01107e+021	3.01107e+021	1
0.78	6.82634e+020	6.78107e+020	7.12531e+020	3.94535e+020	7.89689e+020	0	0	3.07129e+021	1.20443e+020	1.20443e+020	6.02214e+020	3.01107e+021	3.01107e+021	1
0.79	6.83683e+020	6.79097e+020	7.13926e+020	3.91949e+020	7.91989e+020	0	0	3.07129e+021	1.20443e+020	1.20443e+020	6.02214e+020	3.01107e+021	3.01107e+021	1
0.8	6.84734e+020	6.80088e+020	7.1532e+020	3.89366e+020	7.94287e+020	0	0	3.07129e+021	1.20443e+020	1.20443e+020	6.02214e+020	3.01107e+021	3.01107e+021	1
0.81	6.85785e+020	6.8108e+020	7.16714e+020	3.86785e+020	7.96581e+020	0	0	3.07129e+021	1.20443e+020	1.20443e+020	6.02214e+020	3.01107e+021	3.01107e+021	1
0.82	6.86836e+020	6.82072e+020	7.18107e+020	3.84207e+020	7.98872e+020	0	0	3.07129e+021	1.20443e+020	1.20443e+020	6.02214e+020	3.01107e+021	3.01107e+021	1
0.83	6.87888e+020	6.83064e+020	7.195e+020	3.81631e+020	8.0116e+020	0	0	3.07129e+021	1.20443e+020	1.20443e+020	6.02214e+020	3.01107e+021	3.01107e+021	1
0.84	6.8894e+020	6.84057e+020	7.20892e+020	3.79058e+020	8.03445e+020	0	0	3.07129e+021	1.20443e+020	1.20443e+020	6.02214e+020	3.01107e+021	3.01107e+021	1
0.85	6.89992e+020	6.8505e+020	7.22283e+020	3.76488e+020	8.05727e+020	0	0	3.07129e+021	1.20443e+020	1.20443e+020	6.02214e+020	3.01107e+021	3.01107e+021	1
0.86	6.91045e+020	6.86043e+020	7.23675e+020	3.7392e+020	8.08006e+020	0	0	3.07129e+021	1.20443e+020	1.20443e+020	6.02214e+020	3.01107e+021	3.01107e+021	1
0.87	6.92099e+020	6.87037e+020	7.25065e+020	3.71355e+020	8.10281e+020	0	0	3.07129e+021	1.20443e+020	1.20443e+020	6.02214e+020	3.01107e+021	3.01107e+021	1
0.88	6.93153e+020	6.88032e+020	7.26455e+020	3.68792e+020	8.12553e+020	0	0	3.07129e+021	1.20443e+020	1.20443e+020	6.02214e+020	3.01107e+021	3.01107e+021	1
0.89	6.94207e+020	6.89026e+020	7.27845e+020	3.66232e+020	8.14822e+020	0	0	3.07129e+021	1.20443e+020	1.20443e+020	6.02214e+020	3.01107e+021	3.01107e+021	1
0.9	6.95262e+020	6.90022e+020	7.29234e+020	3.63675e+020	8.17088e+020	0	0	3.07129e+021	1.20443e+020	1.20443e+020	6.02214e+020	3.01107e+021	3.01107e+021	1
0.91	6.96317e+020	6.91017e+020	7.30622e+020	3.61121e+020	8.1935e+020	0	0	3.07129e+021	1.20443e+020	1.20443e+020	6.02214e+020	3.01107e+021	3.01107e+021	1
0.92	6.97373e+020	6.92013e+020	7.3201e+020	3.58569e+020	8.21609e+020	0	0	3.07129e+021	1.20443e+020	1.20443e+020	6.02214e+020	3.01107e+021	3.01107e+021	1
0.93	6.98429e+020	6.93009e+020	7.33398e+020	3.5602e+020	8.23864e+020	0	0	3.07129e+021	1.20443e+020	1.20443e+020	6.02214e+020	3.01107e+021	3.01107e+021	1
0.94	6.99485e+020	6.94006e+020	7.34785e+020	3.53474e+020	8.26116e+020	0	0	3.07129e+021	1.20443e+020	1.20443e+020	6.02214e+020	3.01107e+021	3.01107e+021	1
0.95	7.00542e+020	6.95003e+020	7.36171e+020	3.50931e+020	8.28365e+020	0	0	3.07129e+021	1.20443e+020	1.20443e+020	6.02214e+020	3.01107e+021	3.01107e+021	1
0.96	7.01599e+020	6.96e+020	7.37557e+020	3.4839e+020	8.3061e+020	0	0	3.07129e+021	1.20443e+020	1.20443e+020	6.02214e+020	3.01107e+021	3.01107e+021	1
0.97	7.02657e+020	6.96998e+020	7.38942e+020	3.45853e+020	8.32852e+020	0	0	3.07129e+021	1.20443e+020	1.20443e+020	6.02214e+020	3.01107e+021	3.01107e+021	1
0.98	7.03715e+020	6.97997e+020	7.40327e+020	3.43318e+020	8.3509e+020	0	0	3.07129e+021	1.20443e+020	1.20443e+020	6.02214e+020	3.01107e+021	3.01107e+021	1
0.99	7.04773e+020	6.98995e+020	7.41711e+020	3.40787e+020	8.37325e+020	0	0	3.07129e+021	1.20443e+020	1.20443e+020	6.02214e+020	3.01107e+021	3.01107e+021	1
1	7.05832e+020	6.99994e+020	7.43095e+020	3.38259e+020	8.39556e+020	0	0	3.07129e+021	1.20443e+020	1.20443e+020	6.02214e+020	3.01107e+021	3.01107e+021	1
